 64 64 100

 0.00234375 0.00481468   0.021884   0.018143  0.0167019 0.00730002 0.00234375  0.0217249  0.0195403  0.0291576  0.0134549  0.0162326  0.0270212 0.00234375 0.00234375  0.0167019  0.0208796 0.00234375  0.0141493 0.00234375   0.011736  0.0217882  0.0162782  0.0281796   0.026028  0.0152225 0.00505076  0.0206514  0.0138692  0.0219161  0.0276414  0.0244936 0.00746423 0.00234375  0.0215528  0.0110766  0.0191201  0.0228257  0.0281796  0.0131032 0.00757452  0.0271976  0.0227905  0.0222268  0.0202116 0.00234375  0.0169989  0.0286324 0.00738826  0.0147525  0.0229498  0.0170496 0.00705289  0.0103879 0.00958807 0.00515832  0.0158358   0.024647  0.0281796 0.00234375  0.0270212  0.0161425  0.0163702 0.00977815 
 0.0317555  0.0146984 0.00722881 0.00234375    0.03106 0.00234375  0.0169989  0.0134187 0.00971369  0.0291576  0.0162326  0.0162326  0.0297631 0.00234375  0.0253946  0.0253167  0.0261755 0.00531578 0.00234375  0.0196403  0.0234763  0.0190104   0.020923  0.0204289  0.0286595  0.0255256 0.00775776  0.0101899  0.0109878   0.016324  0.0175223  0.0272623  0.0125847  0.0281013 0.00714601  0.0139876   0.016324   0.015145  0.0100945 0.00503362 0.00495913   0.017256  0.0257114 0.00234375  0.0151065  0.0147344   0.026769  0.0257114  0.0174773  0.0302635  0.0177983  0.0288143 0.00469832 0.00770653  0.0192472 0.00515832 0.00504216 0.00977815 0.00234375  0.0132412 0.00234375  0.0216619  0.0303966 0.00730002 
0.00528493 0.00975654  0.0243265  0.0244627 0.00521537  0.0196907  0.0140679  0.0134187   0.014627 0.00502514  0.0190104  0.0273438  0.0187954  0.0302126  0.0196319 0.00521537  0.0288235  0.0142319 0.00529514  0.0171693 0.00703988  0.0162326  0.0139558  0.0281796 0.00497533 0.00749526  0.0104648  0.0180361 0.00522511  0.0219161  0.0175223  0.0244936 0.00746423  0.0166535  0.0119483 0.00816567 0.00234375  0.0253859  0.0126781 0.00503362  0.0284976  0.0122853 0.00526471  0.0247122  0.0048963 0.00482188 0.00234375  0.0140276 0.00738826 0.00544594  0.0229498  0.0170496 0.00940746  0.0130693  0.0216619  0.0304894  0.0212326 0.00730002  0.0204289   0.026863 0.00782762  0.0271814  0.0163702  0.0147344 
 0.0199908  0.0221112   0.021884   0.018143    0.03106  0.0172126  0.0140679  0.0272623  0.0195403  0.0211135  0.0301215  0.0301215  0.0270212  0.0107044  0.0167505  0.0167019 0.00499172  0.0142319  0.0200521  0.0245821   0.011736   0.024566  0.0232454  0.0204289  0.0233964  0.0203741  0.0239998 0.00234375   0.028276   0.016324  0.0149926 0.00234375  0.0202654  0.0166535  0.0191517  0.0227205 0.00793586  0.0279462   0.025596  0.0265526  0.0154207 0.00482913  0.0140276  0.0271976 0.00744885  0.0122563 0.00967134  0.0169486   0.025044  0.0147525  0.0152225  0.0258732   0.011762 0.00770653  0.0264915 0.00515832  0.0185342  0.0172126 0.00234375 0.00234375  0.0242792  0.0244217  0.0107596  0.0122563 
  0.022932  0.0196403 0.00722881  0.0307824  0.0224451   0.024647 0.00527478 0.00234375  0.0219969  0.0184321  0.0078993  0.0078993 0.00234375  0.0134913  0.0311573    0.03106  0.0129356 0.00828781  0.0230035 0.00975654  0.0211283   0.024566  0.0116334  0.0100945 0.00760691 0.00234375 0.00775776  0.0284976 0.00810646  0.0275082 0.00487351  0.0134187  0.0177052  0.0052057  0.0239539 0.00525471  0.0303043 0.00746423 0.00751092 0.00503362 0.00757452   0.017256  0.0227905  0.0222268  0.0202116  0.0221688  0.0194415  0.0198695 0.00234375  0.0209569 0.00749526  0.0111673  0.0188257 0.00502514  0.0216619  0.0164166  0.0185342  0.0172126  0.0100945  0.0214143 0.00508569 0.00510349  0.0163702   0.024647 
 0.0258732  0.0171693   0.021884  0.0118233 0.00521537  0.0147344  0.0111369  0.0189561   0.014627  0.0130693  0.0078993  0.0134549  0.0133115  0.0134913  0.0167505  0.0138302  0.0102877 0.00234375  0.0141493 0.00728561  0.0187802  0.0217882  0.0139558  0.0230124  0.0207648  0.0281013  0.0158788  0.0284976  0.0109878   0.016324  0.0149926  0.0217249  0.0125847  0.0195155  0.0263551 0.00525471  0.0219161  0.0100245  0.0152617  0.0157931  0.0258822 0.00234375  0.0111066  0.0197414  0.0176591  0.0271251 0.00722881  0.0315534 0.00738826  0.0302635  0.0203741  0.0170496  0.0211803 0.00234375 0.00475852  0.0220457  0.0212326  0.0122563  0.0178453  0.0241386  0.0297631  0.0216619  0.0107596  0.0221688 
0.00528493 0.00234375  0.0145564 0.00234375 0.00521537   0.024647   0.025792  0.0244936  0.0121703 0.00234375  0.0190104  0.0162326 0.00234375  0.0162782  0.0138692 0.00808699  0.0129356  0.0201759  0.0230035  0.0196403  0.0140841  0.0106771   0.020923  0.0126781  0.0207648   0.010071 0.00234375 0.00495913  0.0167505  0.0247122 0.00740327 0.00234375 0.00234375  0.0052057  0.0191517  0.0110766 0.00234375   0.015145  0.0152617  0.0157931  0.0128053 0.00482913  0.0111066  0.0247122  0.0202116  0.0172126  0.0194415  0.0111066 0.00234375  0.0333656  0.0152225 0.00234375  0.0235349 0.00234375  0.0120028  0.0164166  0.0185342  0.0221688  0.0204289  0.0159655 0.00234375 0.00510349  0.0303966 0.00730002 
 0.0111673  0.0171693  0.0169989  0.0055036  0.0195735  0.0271251  0.0111369  0.0272623  0.0269102 0.00770653  0.0078993  0.0134549  0.0242792  0.0274257 0.00810646  0.0253167  0.0208796  0.0142319 0.00824653  0.0196403 0.00469182  0.0078993 0.00466615  0.0178453 0.00234375 0.00491951  0.0185858  0.0128053 0.00234375  0.0219161  0.0124628  0.0272623 0.00490399  0.0309633 0.00234375 0.00234375   0.016324  0.0228257  0.0281796  0.0077235  0.0101899  0.0222268  0.0169486  0.0222268  0.0202116  0.0196907   0.021884 0.00234375 0.00738826 0.00854813  0.0177983   0.022932  0.0164712  0.0130693  0.0071733 0.00797289  0.0212326 0.00482188  0.0230124 0.00506811 0.00234375  0.0216619 0.00514903  0.0271251 
 0.0170496  0.0171693   0.026769 0.00234375  0.0195735  0.0196907  0.0169989 0.00234375  0.0121703  0.0157507   0.024566 0.00234375  0.0133115  0.0302126  0.0167505  0.0109586  0.0129356    0.02612 0.00824653 0.00481468   0.011736  0.0301215  0.0255678 0.00751092 0.00234375 0.00491951  0.0158788 0.00495913  0.0167505  0.0051398  0.0251116  0.0134187  0.0125847  0.0109296  0.0191517  0.0198095  0.0275082  0.0228257   0.025596  0.0211729  0.0128053  0.0271976  0.0198695 0.00979989  0.0151065  0.0147344  0.0121139 0.00818567 0.00234375  0.0147525  0.0152225  0.0111673 0.00469832 0.00770653  0.0216619  0.0164166  0.0212326   0.024647 0.00751092  0.0214143 0.00782762  0.0133827 0.00234375  0.0147344 
 0.0082261  0.0221112  0.0145564 0.00234375 0.00808699  0.0196907  0.0140679 0.00788121  0.0269102 0.00502514   0.024566  0.0301215 0.00508569  0.0190651 0.00234375  0.0109586  0.0102877  0.0172039  0.0289063  0.0245821  0.0187802  0.0106771   0.020923  0.0178453 0.00234375 0.00234375 0.00505076  0.0232668 0.00234375   0.016324  0.0276414 0.00788121 0.00746423 0.00234375  0.0191517  0.0227205   0.016324 0.00746423  0.0204289  0.0131032 0.00757452 0.00731451  0.0140276  0.0147707  0.0253167  0.0271251  0.0121139 0.00234375   0.014955 0.00234375  0.0229498  0.0199908  0.0235349  0.0103879  0.0071733  0.0164166  0.0131374  0.0122563  0.0281796  0.0295873  0.0270212  0.0271814  0.0107596 0.00482188 
 0.0317555  0.0196403  0.0145564  0.0339423  0.0224451  0.0221688  0.0169989  0.0189561  0.0048004  0.0291576  0.0273438 0.00512153 0.00234375  0.0107044 0.00522511 0.00521537  0.0155836 0.00234375  0.0200521  0.0245821  0.0140841  0.0217882   0.020923  0.0204289 0.00234375 0.00749526  0.0212928  0.0101899 0.00234375  0.0051398  0.0276414 0.00788121  0.0125847  0.0195155 0.00474488 0.00234375  0.0219161  0.0228257  0.0204289 0.00234375  0.0180361  0.0271976  0.0315534  0.0122853  0.0151065   0.024647   0.026769  0.0198695  0.0199995  0.0178547  0.0152225 0.00528493  0.0258895  0.0184321 0.00958807  0.0164166  0.0212326  0.0196907 0.00492734  0.0186899  0.0187954  0.0216619  0.0163702  0.0172126 
 0.0199908  0.0122275 0.00478628   0.018143  0.0253167 0.00234375 0.00234375  0.0161874 0.00971369 0.00234375  0.0078993 0.00512153  0.0133115  0.0190651  0.0196319  0.0195735  0.0288235    0.02612  0.0171007  0.0146984  0.0187802  0.0217882  0.0116334  0.0152617  0.0155016  0.0203741  0.0158788  0.0101899  0.0196319  0.0107319  0.0200521  0.0161874  0.0279462 0.00806766  0.0119483  0.0198095  0.0247122  0.0279462  0.0204289  0.0265526  0.0154207 0.00731451 0.00526471  0.0247122 0.00744885  0.0196907 0.00234375  0.0315534 0.00991052  0.0302635   0.010071  0.0317555  0.0141166 0.00502514  0.0120028  0.0220457  0.0131374 0.00482188  0.0230124 0.00506811  0.0133115   0.010623  0.0107596  0.0221688 
 0.0111673 0.00975654 0.00234375  0.0213029  0.0167019 0.00730002 0.00527478   0.030031  0.0244536  0.0157507  0.0134549   0.024566 0.00508569 0.00513063 0.00234375 0.00521537  0.0155836  0.0142319  0.0289063  0.0122275   0.011736  0.0217882 0.00931096 0.00234375  0.0233964  0.0255256  0.0294138  0.0258822  0.0253946  0.0051398  0.0175223 0.00234375  0.0228257  0.0166535  0.0239539  0.0110766  0.0275082  0.0177052  0.0126781  0.0238627  0.0154207  0.0271976  0.0140276   0.017256  0.0227642   0.024647 0.00967134 0.00818567  0.0225218  0.0240591  0.0255256 0.00234375  0.0188257  0.0264762 0.00958807 0.00234375 0.00504216  0.0122563 0.00492734  0.0214143  0.0187954  0.0244217  0.0275913  0.0221688 
 0.0199908  0.0245821  0.0243265   0.018143 0.00521537  0.0122563  0.0140679  0.0217249  0.0048004 0.00234375 0.00512153  0.0162326  0.0215373 0.00791752  0.0138692    0.03106  0.0182316  0.0231479  0.0289063 0.00975654  0.0234763   0.024566  0.0116334 0.00234375  0.0155016  0.0152225  0.0131718  0.0154207  0.0253946  0.0303043 0.00993304 0.00511248 0.00490399 0.00234375  0.0263551  0.0139876 0.00793586  0.0279462   0.025596  0.0077235 0.00495913 0.00731451  0.0111066   0.017256   0.012554  0.0172126  0.0121139  0.0140276  0.0124328  0.0209569  0.0126468 0.00528493  0.0188257  0.0291576  0.0192472   0.013602  0.0266295   0.024647  0.0230124  0.0132412 0.00234375  0.0161425  0.0219807  0.0196907 
  0.022932  0.0221112  0.0121139  0.0118233  0.0138302 0.00977815   0.022861 0.00511248 0.00971369  0.0211135  0.0273438  0.0106771 0.00508569  0.0190651 0.00234375    0.03106  0.0129356  0.0172039  0.0111979 0.00728561 0.00938795  0.0273438 0.00466615  0.0178453 0.00234375  0.0152225  0.0131718 0.00495913  0.0253946  0.0219161 0.00234375  0.0244936  0.0177052  0.0109296  0.0119483  0.0110766   0.016324  0.0202654   0.025596  0.0077235  0.0154207  0.0122853 0.00234375 0.00234375 0.00744885  0.0172126  0.0243265  0.0140276   0.025044  0.0116503 0.00491951  0.0111673  0.0258895  0.0184321  0.0120028  0.0164166  0.0185342  0.0271251  0.0126781 0.00234375  0.0133115  0.0189022   0.024786   0.024647 
0.00528493 0.00481468  0.0194415  0.0307824  0.0195735  0.0196907  0.0316541 0.00234375  0.0269102 0.00770653  0.0301215  0.0162326  0.0105696  0.0218519  0.0196319  0.0281883  0.0261755  0.0231479  0.0259549  0.0196403 0.00938795  0.0162326  0.0186006  0.0100945   0.026028  0.0126468  0.0294138  0.0101899  0.0311573  0.0051398  0.0124628  0.0272623  0.0279462  0.0109296  0.0143494  0.0168985  0.0247122  0.0279462  0.0204289  0.0077235  0.0284976   0.017256 0.00526471 0.00731451  0.0253167 0.00730002 0.00478628  0.0286324  0.0174773  0.0209569  0.0255256   0.022932   0.011762  0.0264762  0.0192472 0.00515832 0.00234375  0.0196907  0.0178453  0.0159655  0.0187954 0.00234375  0.0107596   0.024647 
 0.0141085  0.0196403  0.0169989 0.00234375  0.0253167 0.00977815  0.0140679 0.00511248  0.0048004  0.0264762  0.0301215  0.0190104 0.00234375  0.0218519  0.0167505  0.0195735  0.0261755  0.0142319  0.0230035 0.00728561  0.0140841  0.0078993  0.0255678 0.00751092  0.0286595  0.0152225 0.00505076  0.0284976   0.028276 0.00793586 0.00234375  0.0244936 0.00234375  0.0309633  0.0191517  0.0198095  0.0051398 0.00490399   0.025596  0.0157931  0.0206514  0.0147707  0.0169486 0.00482913  0.0253167  0.0196907 0.00967134  0.0140276  0.0124328  0.0302635 0.00749526 0.00528493  0.0211803  0.0211135  0.0071733  0.0276749 0.00234375 0.00482188 0.00751092  0.0105168  0.0242792  0.0216619  0.0219807  0.0172126 
 0.0111673 0.00481468 0.00967134  0.0055036 0.00808699  0.0196907  0.0140679  0.0272623  0.0170836  0.0103879  0.0134549  0.0217882  0.0270212  0.0246388   0.028276  0.0109586  0.0076397 0.00531578  0.0171007 0.00234375  0.0258244   0.024566 0.00466615 0.00492734  0.0128701  0.0229498 0.00775776  0.0128053 0.00234375  0.0303043 0.00487351 0.00788121   0.015145  0.0252394 0.00714601 0.00816567  0.0107319  0.0125847 0.00751092  0.0292425  0.0232668   0.017256  0.0198695 0.00979989  0.0253167 0.00730002 0.00478628  0.0257114  0.0199995 0.00234375  0.0229498 0.00528493  0.0235349  0.0211135 0.00958807   0.013602 0.00774058 0.00977815 0.00234375  0.0295873  0.0242792  0.0133827   0.024786   0.024647 
 0.0288143 0.00481468 0.00967134  0.0339423  0.0109586 0.00977815 0.00234375  0.0189561  0.0219969  0.0264762  0.0162326   0.024566  0.0215373  0.0134913  0.0109878  0.0109586  0.0102877   0.032064  0.0200521  0.0221112 0.00469182   0.024566 0.00698856  0.0178453   0.026028   0.010071  0.0185858 0.00495913  0.0138692  0.0051398 0.00740327 0.00511248 0.00746423  0.0252394 0.00234375  0.0168985  0.0303043 0.00746423 0.00751092  0.0211729 0.00234375  0.0247122 0.00526471 0.00482913  0.0227642  0.0271251 0.00234375 0.00234375   0.025044 0.00544594  0.0229498  0.0082261   0.011762  0.0184321  0.0192472 0.00234375  0.0293279  0.0221688  0.0126781 0.00234375 0.00508569  0.0299412  0.0275913  0.0196907 
 0.0288143 0.00728561  0.0194415  0.0213029 0.00808699 0.00730002 0.00234375  0.0134187  0.0121703  0.0291576 0.00234375  0.0162326  0.0133115  0.0274257  0.0253946  0.0195735  0.0102877  0.0201759  0.0230035  0.0196403 0.00703988 0.00234375  0.0255678 0.00751092  0.0207648  0.0177983  0.0131718 0.00495913  0.0138692  0.0051398  0.0175223  0.0161874   0.015145  0.0281013 0.00234375  0.0110766  0.0051398  0.0100245   0.025596  0.0292425  0.0258822  0.0271976  0.0257114  0.0222268  0.0253167  0.0122563  0.0194415  0.0227905  0.0225218  0.0178547 0.00749526  0.0141085  0.0258895  0.0157507  0.0120028  0.0164166 0.00774058   0.024647  0.0281796 0.00506811  0.0160534  0.0216619  0.0107596  0.0122563 
 0.0258732 0.00234375 0.00967134 0.00866345  0.0253167 0.00977815   0.022861  0.0134187  0.0219969  0.0211135  0.0190104  0.0190104  0.0242792 0.00234375  0.0196319  0.0109586  0.0155836  0.0172039  0.0171007 0.00975654  0.0234763 0.00512153  0.0116334  0.0126781   0.026028 0.00234375  0.0158788  0.0232668  0.0109878  0.0303043  0.0276414   0.030031  0.0228257  0.0109296  0.0215528 0.00816567  0.0191201   0.015145 0.00751092  0.0077235  0.0180361  0.0147707  0.0257114   0.017256  0.0278693  0.0221688  0.0169989 0.00526471   0.004866  0.0178547 0.00749526  0.0199908 0.00940746  0.0211135 0.00234375  0.0276749  0.0266295 0.00977815 0.00492734  0.0241386  0.0215373  0.0133827  0.0191754  0.0172126 
 0.0170496  0.0171693   0.026769  0.0213029 0.00808699 0.00234375    0.01993  0.0106499 0.00234375 0.00502514  0.0190104  0.0134549  0.0187954  0.0246388  0.0138692  0.0138302  0.0129356 0.00234375  0.0200521  0.0122275 0.00469182  0.0106771  0.0186006  0.0178453   0.026028  0.0152225  0.0294138 0.00234375  0.0167505  0.0051398  0.0276414  0.0189561  0.0202654  0.0052057  0.0143494 0.00234375   0.013528  0.0279462  0.0126781  0.0265526  0.0284976   0.017256 0.00526471  0.0247122 0.00744885  0.0196907  0.0194415  0.0315534   0.014955 0.00544594 0.00491951  0.0111673  0.0258895  0.0184321  0.0240767 0.00234375  0.0293279  0.0271251  0.0152617  0.0105168  0.0160534  0.0133827  0.0275913 0.00730002 
 0.0141085  0.0221112   0.021884  0.0244627  0.0224451  0.0196907  0.0111369 0.00511248  0.0195403  0.0291576 0.00512153 0.00234375 0.00508569 0.00513063 0.00810646  0.0224451  0.0208796  0.0172039  0.0111979  0.0146984 0.00938795 0.00512153  0.0232454  0.0126781 0.00497533  0.0203741  0.0294138  0.0258822  0.0225132 0.00793586 0.00487351 0.00234375 0.00490399  0.0052057 0.00954714  0.0198095  0.0303043 0.00746423 0.00234375 0.00234375  0.0258822  0.0247122  0.0315534   0.017256  0.0048963  0.0147344   0.021884  0.0315534  0.0174773  0.0209569  0.0152225  0.0258732 0.00940746 0.00502514  0.0144176   0.013602  0.0266295  0.0271251 0.00234375  0.0105168  0.0160534  0.0271814  0.0275913 0.00730002 
 0.0258732  0.0245821  0.0121139  0.0244627  0.0138302  0.0147344  0.0169989 0.00511248  0.0121703  0.0237949  0.0078993  0.0106771 0.00782762  0.0246388  0.0196319  0.0224451  0.0102877 0.00531578 0.00824653  0.0146984  0.0140841 0.00512153  0.0255678  0.0126781 0.00234375 0.00491951  0.0185858  0.0284976 0.00522511  0.0107319 0.00993304  0.0106499 0.00490399  0.0109296  0.0119483  0.0227205  0.0191201 0.00234375  0.0100945 0.00234375  0.0154207  0.0147707  0.0111066 0.00731451   0.012554  0.0196907 0.00967134 0.00234375  0.0275663 0.00544594   0.010071  0.0317555 0.00940746 0.00502514  0.0264915 0.00515832 0.00234375  0.0271251  0.0230124 0.00779247 0.00508569 0.00786323  0.0135649 0.00730002 
 0.0111673  0.0171693  0.0243265  0.0307824  0.0224451  0.0172126   0.025792  0.0272623  0.0244536  0.0237949  0.0078993  0.0301215 0.00782762  0.0134913  0.0109878  0.0253167  0.0288235    0.02612  0.0141493  0.0196403  0.0140841 0.00512153 0.00698856   0.025596  0.0155016  0.0281013  0.0267068  0.0101899  0.0196319  0.0303043  0.0149926  0.0272623 0.00234375 0.00806766  0.0263551  0.0256314  0.0275082 0.00234375  0.0152617  0.0131032  0.0284976 0.00731451 0.00818567   0.017256  0.0253167  0.0172126 0.00234375  0.0257114  0.0225218  0.0240591 0.00234375  0.0288143 0.00234375  0.0291576  0.0071733  0.0164166  0.0212326  0.0221688  0.0281796  0.0214143  0.0297631 0.00510349   0.024786 0.00977815 
 0.0170496  0.0270531  0.0194415  0.0149832 0.00521537   0.024647 0.00820582  0.0189561  0.0121703 0.00770653   0.024566  0.0078993  0.0215373  0.0107044  0.0167505  0.0138302  0.0182316  0.0231479 0.00234375  0.0245821   0.011736  0.0162326  0.0255678  0.0230124  0.0233964  0.0229498  0.0131718  0.0128053 0.00810646  0.0219161 0.00740327  0.0217249  0.0125847  0.0109296 0.00954714  0.0110766  0.0219161  0.0279462  0.0230124  0.0265526 0.00234375  0.0271976 0.00234375  0.0122853  0.0048963  0.0221688 0.00234375  0.0198695  0.0275663 0.00544594  0.0152225 0.00234375  0.0164712  0.0130693  0.0144176   0.013602  0.0131374  0.0172126  0.0281796  0.0214143  0.0187954 0.00234375  0.0107596  0.0122563 
 0.0258732  0.0171693  0.0169989 0.00866345 0.00521537 0.00482188  0.0111369  0.0244936 0.00725704 0.00770653  0.0134549  0.0217882  0.0160534 0.00234375  0.0167505  0.0138302 0.00499172  0.0172039 0.00529514 0.00728561   0.011736  0.0106771  0.0255678   0.025596  0.0102385  0.0126468  0.0239998  0.0284976  0.0109878  0.0191201  0.0175223 0.00511248   0.015145  0.0166535  0.0215528 0.00234375 0.00793586 0.00490399  0.0126781  0.0131032 0.00757452 0.00482913  0.0286324 0.00731451  0.0253167  0.0221688   0.026769 0.00818567 0.00991052  0.0209569  0.0203741  0.0170496  0.0141166  0.0103879  0.0240767   0.013602 0.00234375  0.0271251  0.0281796  0.0186899  0.0297631  0.0133827  0.0191754  0.0221688 
 0.0141085 0.00234375  0.0145564  0.0055036  0.0195735  0.0271251   0.022861 0.00788121  0.0170836  0.0264762  0.0106771  0.0106771  0.0297631  0.0302126  0.0196319  0.0109586  0.0155836 0.00234375  0.0259549  0.0196403  0.0164321  0.0078993 0.00698856 0.00492734  0.0102385 0.00749526  0.0239998  0.0258822  0.0253946 0.00234375 0.00487351 0.00788121  0.0228257  0.0166535  0.0119483  0.0285424  0.0107319  0.0177052  0.0230124  0.0292425  0.0284976  0.0247122  0.0257114  0.0197414  0.0253167  0.0172126   0.021884  0.0140276  0.0174773  0.0147525  0.0229498  0.0170496  0.0188257  0.0237949  0.0168324  0.0107875  0.0185342  0.0147344   0.025596  0.0132412 0.00782762  0.0161425 0.00234375  0.0196907 
0.00528493  0.0171693  0.0194415  0.0244627  0.0253167  0.0196907  0.0316541  0.0106499  0.0219969 0.00234375 0.00234375 0.00234375  0.0297631 0.00791752  0.0253946 0.00808699  0.0102877    0.02612  0.0111979  0.0146984  0.0258244  0.0301215  0.0232454 0.00751092  0.0233964  0.0203741  0.0158788  0.0154207 0.00810646   0.016324  0.0251116  0.0272623  0.0279462  0.0309633  0.0263551 0.00525471 0.00793586  0.0125847  0.0230124  0.0238627  0.0232668  0.0122853  0.0140276   0.017256  0.0202116  0.0221688  0.0243265 0.00818567  0.0225218 0.00544594 0.00491951  0.0258732  0.0258895 0.00234375  0.0120028  0.0276749  0.0185342  0.0271251  0.0126781  0.0295873  0.0242792  0.0133827 0.00795431   0.024647 
0.00234375 0.00728561 0.00478628  0.0307824 0.00234375  0.0271251  0.0287231  0.0272623   0.014627  0.0237949  0.0301215  0.0134549 0.00782762  0.0134913 0.00522511  0.0109586 0.00499172 0.00828781  0.0141493  0.0245821  0.0234763  0.0301215   0.020923  0.0126781  0.0233964  0.0203741  0.0158788  0.0128053  0.0196319  0.0191201  0.0200521   0.030031  0.0228257 0.00234375  0.0167505 0.00525471  0.0275082  0.0202654  0.0100945  0.0077235  0.0128053  0.0197414 0.00818567 0.00482913  0.0202116  0.0172126  0.0194415 0.00234375   0.025044 0.00854813 0.00749526  0.0258732  0.0211803  0.0291576  0.0192472  0.0248603 0.00774058 0.00730002 0.00234375   0.026863  0.0242792 0.00786323  0.0135649 0.00730002 
  0.022932  0.0245821 0.00234375  0.0213029  0.0195735  0.0147344 0.00527478  0.0217249 0.00234375  0.0130693  0.0162326 0.00512153  0.0215373  0.0134913 0.00234375 0.00808699  0.0102877  0.0201759  0.0141493  0.0146984  0.0211283 0.00234375   0.020923 0.00234375 0.00760691  0.0152225  0.0267068  0.0101899  0.0138692  0.0275082  0.0225818  0.0106499  0.0228257  0.0223774  0.0239539  0.0285424   0.013528 0.00746423  0.0178453  0.0157931  0.0101899  0.0197414  0.0315534 0.00731451  0.0048963 0.00730002   0.021884  0.0286324  0.0124328  0.0302635  0.0177983 0.00234375  0.0211803  0.0157507  0.0264915  0.0107875  0.0239311 0.00482188   0.025596  0.0105168  0.0215373 0.00510349  0.0107596   0.024647 
0.00234375  0.0171693   0.026769  0.0307824  0.0195735 0.00730002 0.00234375  0.0189561  0.0195403 0.00502514 0.00234375  0.0106771  0.0187954  0.0134913 0.00810646 0.00234375  0.0235275 0.00234375  0.0111979  0.0221112   0.011736  0.0106771 0.00931096  0.0281796  0.0181332  0.0203741  0.0104648 0.00495913  0.0167505  0.0191201  0.0200521  0.0217249  0.0228257  0.0166535  0.0215528 0.00525471  0.0107319 0.00234375  0.0126781  0.0238627  0.0284976   0.017256  0.0198695   0.017256  0.0278693  0.0221688 0.00478628  0.0169486  0.0124328  0.0178547  0.0152225  0.0199908 0.00469832  0.0211135  0.0144176  0.0107875  0.0185342 0.00234375   0.025596  0.0241386  0.0160534  0.0133827  0.0163702 0.00482188 
  0.022932 0.00234375  0.0194415  0.0055036 0.00808699  0.0271251   0.025792  0.0272623 0.00971369  0.0103879  0.0217882  0.0273438  0.0133115  0.0134913  0.0138692 0.00234375  0.0129356  0.0231479  0.0171007 0.00728561  0.0211283  0.0217882  0.0139558  0.0126781  0.0155016 0.00491951  0.0131718  0.0232668 0.00234375   0.016324 0.00487351  0.0244936  0.0177052  0.0195155  0.0143494  0.0227205   0.016324  0.0202654  0.0281796  0.0211729  0.0284976  0.0122853  0.0198695 0.00731451  0.0151065 0.00977815  0.0194415  0.0227905   0.025044  0.0178547  0.0229498 0.00528493   0.011762 0.00770653 0.00234375  0.0164166  0.0266295 0.00977815  0.0152617  0.0214143 0.00782762  0.0189022  0.0107596   0.024647 
 0.0141085 0.00234375  0.0243265  0.0055036    0.03106   0.024647  0.0287231 0.00234375  0.0269102  0.0103879   0.024566 0.00512153  0.0270212  0.0246388 0.00234375  0.0253167  0.0182316 0.00234375  0.0200521  0.0171693 0.00234375  0.0106771  0.0162782  0.0100945  0.0207648  0.0229498  0.0239998  0.0232668  0.0225132  0.0051398  0.0225818  0.0106499 0.00234375  0.0052057  0.0167505  0.0285424 0.00793586  0.0177052 0.00751092  0.0265526 0.00234375  0.0122853  0.0198695  0.0222268   0.012554  0.0196907   0.021884 0.00234375  0.0275663  0.0209569  0.0281013  0.0111673  0.0235349 0.00770653  0.0144176 0.00515832  0.0266295  0.0196907 0.00234375 0.00234375  0.0242792 0.00786323 0.00234375 0.00730002 
  0.022932 0.00728561  0.0194415  0.0118233  0.0109586 0.00977815 0.00234375   0.030031 0.00725704  0.0211135  0.0078993  0.0301215 0.00234375  0.0246388  0.0109878  0.0224451  0.0129356 0.00531578  0.0259549 0.00728561  0.0140841 0.00234375 0.00931096  0.0152617  0.0286595  0.0281013  0.0185858  0.0258822  0.0109878  0.0275082 0.00234375 0.00788121  0.0100245 0.00806766  0.0143494  0.0256314 0.00793586   0.015145 0.00751092  0.0077235  0.0206514  0.0247122  0.0169486 0.00979989  0.0048963 0.00977815 0.00722881  0.0227905 0.00234375 0.00234375   0.010071  0.0082261 0.00940746  0.0184321  0.0120028  0.0107875  0.0266295 0.00977815  0.0281796  0.0105168  0.0242792  0.0216619   0.024786  0.0271251 
 0.0170496  0.0221112   0.021884  0.0118233  0.0195735 0.00977815 0.00527478 0.00234375  0.0195403 0.00770653  0.0134549  0.0162326  0.0105696  0.0162782  0.0311573  0.0195735 0.00234375   0.032064  0.0171007  0.0196403  0.0164321  0.0078993 0.00931096 0.00492734  0.0128701  0.0281013 0.00505076  0.0128053   0.028276 0.00793586  0.0225818  0.0244936  0.0253859  0.0281013 0.00954714  0.0198095  0.0191201 0.00234375  0.0230124 0.00503362  0.0128053  0.0222268  0.0111066  0.0197414  0.0151065  0.0147344  0.0243265 0.00526471  0.0124328 0.00854813  0.0126468  0.0170496  0.0258895  0.0291576  0.0144176 0.00515832  0.0212326  0.0147344   0.025596  0.0186899  0.0133115  0.0244217  0.0303966 0.00977815 
 0.0141085  0.0270531  0.0243265  0.0055036 0.00521537 0.00482188   0.025792  0.0244936  0.0219969  0.0130693  0.0106771 0.00512153 0.00782762 0.00513063 0.00234375 0.00521537  0.0208796  0.0231479 0.00234375  0.0171693  0.0258244  0.0190104  0.0162782  0.0281796  0.0181332 0.00234375 0.00775776  0.0128053 0.00810646 0.00793586  0.0225818   0.030031  0.0100245  0.0052057 0.00234375  0.0227205  0.0191201  0.0202654  0.0152617  0.0104134  0.0284976  0.0247122 0.00234375 0.00482913  0.0253167  0.0147344   0.026769 0.00526471  0.0174773 0.00544594  0.0126468 0.00528493   0.011762 0.00502514  0.0192472   0.013602  0.0212326 0.00730002  0.0152617  0.0186899  0.0242792 0.00786323 0.00795431 0.00482188 
 0.0199908  0.0171693  0.0145564  0.0055036 0.00234375 0.00977815   0.025792   0.030031  0.0121703  0.0291576  0.0078993  0.0078993  0.0133115  0.0246388 0.00522511  0.0195735  0.0182316    0.02612  0.0230035  0.0146984  0.0234763  0.0217882  0.0162782  0.0126781  0.0233964 0.00749526 0.00505076  0.0180361  0.0196319  0.0219161  0.0175223 0.00788121  0.0228257  0.0052057  0.0119483 0.00234375  0.0051398 0.00234375 0.00492734  0.0238627  0.0101899 0.00979989  0.0286324 0.00731451  0.0048963  0.0147344 0.00722881  0.0111066 0.00991052 0.00544594  0.0152225 0.00528493  0.0258895  0.0264762  0.0240767  0.0220457   0.010439 0.00730002  0.0204289 0.00506811 0.00782762  0.0216619 0.00514903 0.00234375 
0.00234375 0.00481468 0.00722881 0.00866345  0.0281883   0.024647  0.0111369  0.0134187   0.014627 0.00770653  0.0217882  0.0217882 0.00234375  0.0246388 0.00810646 0.00234375  0.0261755 0.00828781  0.0230035 0.00728561 0.00234375  0.0273438  0.0186006 0.00234375  0.0181332  0.0281013  0.0294138  0.0258822  0.0109878  0.0107319  0.0149926 0.00511248  0.0279462  0.0052057  0.0191517  0.0314533  0.0051398  0.0202654  0.0204289  0.0292425 0.00234375  0.0222268 0.00818567  0.0122853  0.0151065 0.00482188  0.0145564  0.0111066  0.0124328  0.0147525  0.0177983   0.022932  0.0258895  0.0237949 0.00234375  0.0276749  0.0158358  0.0122563  0.0126781  0.0214143  0.0160534  0.0189022  0.0135649  0.0147344 
 0.0317555  0.0221112   0.021884 0.00866345  0.0253167 0.00234375   0.022861  0.0189561  0.0244536  0.0103879 0.00234375 0.00512153  0.0160534  0.0218519 0.00234375  0.0253167  0.0182316 0.00234375  0.0200521  0.0196403  0.0140841  0.0301215   0.020923  0.0178453  0.0233964 0.00234375  0.0104648  0.0154207  0.0311573   0.013528 0.00487351 0.00788121  0.0125847  0.0281013  0.0167505 0.00816567  0.0191201  0.0228257 0.00234375  0.0157931  0.0232668  0.0122853  0.0140276 0.00979989  0.0100014  0.0271251 0.00967134  0.0169486  0.0174773 0.00544594 0.00749526  0.0317555  0.0258895  0.0157507  0.0240767  0.0164166 0.00234375 0.00977815  0.0281796   0.026863 0.00234375 0.00234375 0.00234375   0.024647 
0.00528493  0.0146984   0.026769  0.0118233  0.0109586  0.0122563 0.00527478   0.030031  0.0121703  0.0211135  0.0134549  0.0190104  0.0297631  0.0162782  0.0167505  0.0138302  0.0208796  0.0172039  0.0141493 0.00234375  0.0211283 0.00512153  0.0255678  0.0178453  0.0207648  0.0203741 0.00505076  0.0232668 0.00234375  0.0191201  0.0149926 0.00511248  0.0125847  0.0252394  0.0191517  0.0227205  0.0051398  0.0228257  0.0178453  0.0292425 0.00757452 0.00234375  0.0198695 0.00979989  0.0278693 0.00482188   0.021884 0.00818567   0.025044  0.0209569 0.00234375  0.0170496  0.0258895  0.0211135 0.00475852  0.0248603  0.0158358 0.00234375 0.00751092 0.00234375  0.0133115 0.00234375 0.00514903  0.0271251 
 0.0141085  0.0171693   0.026769  0.0118233 0.00234375  0.0221688    0.01993 0.00788121  0.0121703 0.00770653  0.0162326  0.0078993  0.0133115  0.0218519  0.0311573  0.0195735  0.0076397  0.0142319  0.0230035 0.00728561 0.00703988  0.0301215 0.00234375  0.0100945  0.0155016 0.00491951  0.0212928 0.00757452  0.0109878  0.0051398  0.0175223  0.0217249  0.0202654  0.0223774  0.0215528 0.00816567   0.013528  0.0279462 0.00492734  0.0077235 0.00495913 0.00482913  0.0286324 0.00234375  0.0100014  0.0172126  0.0169989  0.0111066  0.0275663  0.0116503  0.0152225 0.00528493 0.00705289  0.0157507  0.0168324  0.0276749   0.010439  0.0271251 0.00234375   0.026863 0.00782762  0.0271814 0.00795431  0.0271251 
 0.0082261  0.0245821 0.00478628  0.0149832  0.0167019 0.00234375  0.0140679  0.0106499 0.00971369  0.0184321  0.0273438  0.0301215  0.0297631  0.0274257 0.00522511    0.03106  0.0155836   0.029092 0.00529514 0.00481468  0.0187802 0.00512153  0.0186006  0.0178453   0.026028  0.0255256 0.00775776  0.0180361 0.00234375   0.016324  0.0276414  0.0134187  0.0279462  0.0195155  0.0263551  0.0110766  0.0247122  0.0177052  0.0152617  0.0077235 0.00495913  0.0222268  0.0198695   0.017256  0.0100014 0.00234375  0.0145564  0.0257114  0.0275663  0.0178547  0.0255256  0.0258732 0.00469832 0.00234375  0.0120028  0.0276749   0.010439  0.0221688  0.0204289  0.0105168  0.0105696 0.00786323 0.00514903  0.0221688 
 0.0111673 0.00481468  0.0243265 0.00866345  0.0167019 0.00730002  0.0169989 0.00788121 0.00725704 0.00234375  0.0162326  0.0301215  0.0160534  0.0162782  0.0109878  0.0138302  0.0102877  0.0112598  0.0200521  0.0122275  0.0258244  0.0162326  0.0232454  0.0281796   0.026028  0.0126468 0.00234375 0.00757452  0.0225132  0.0051398  0.0276414  0.0272623  0.0177052  0.0309633  0.0215528  0.0314533  0.0303043 0.00234375  0.0126781 0.00503362  0.0101899 0.00979989  0.0111066  0.0147707 0.00744885 0.00234375 0.00478628 0.00234375   0.004866  0.0209569 0.00749526 0.00528493 0.00469832  0.0184321  0.0168324   0.013602  0.0185342  0.0122563  0.0204289  0.0241386  0.0105696 0.00510349  0.0275913 0.00482188 
 0.0199908  0.0270531  0.0169989  0.0055036  0.0195735 0.00482188  0.0316541  0.0272623 0.00234375  0.0184321  0.0217882 0.00234375  0.0187954 0.00791752  0.0253946 0.00521537  0.0102877 0.00234375 0.00529514  0.0146984  0.0211283  0.0217882  0.0139558 0.00492734  0.0155016  0.0255256  0.0131718 0.00757452  0.0167505 0.00793586  0.0225818 0.00788121  0.0100245  0.0223774 0.00714601 0.00816567  0.0107319 0.00490399  0.0126781 0.00234375  0.0258822  0.0247122 0.00818567  0.0197414  0.0151065 0.00730002  0.0145564  0.0315534   0.004866  0.0116503  0.0177983  0.0082261 0.00469832  0.0264762  0.0240767  0.0192312 0.00234375   0.024647 0.00751092 0.00234375  0.0270212  0.0271814  0.0219807  0.0196907 
0.00234375  0.0245821 0.00722881  0.0055036 0.00808699   0.024647  0.0140679  0.0161874  0.0170836  0.0157507   0.024566 0.00234375 0.00782762 0.00513063   0.028276  0.0195735  0.0261755   0.032064  0.0171007  0.0196403  0.0164321  0.0217882 0.00234375 0.00751092 0.00497533  0.0126468  0.0294138 0.00757452 0.00522511   0.013528 0.00740327 0.00511248  0.0100245  0.0137916  0.0191517  0.0168985  0.0107319  0.0177052  0.0126781  0.0238627  0.0154207  0.0122853  0.0227905   0.017256 0.00234375  0.0122563  0.0145564  0.0198695  0.0174773  0.0178547  0.0281013  0.0082261 0.00469832  0.0157507  0.0120028  0.0304894  0.0293279  0.0122563  0.0230124  0.0214143  0.0160534 0.00786323  0.0107596  0.0221688 
 0.0317555 0.00728561 0.00234375  0.0055036  0.0109586  0.0221688  0.0111369  0.0161874  0.0269102  0.0237949  0.0134549 0.00234375  0.0215373  0.0218519 0.00522511 0.00521537  0.0076397    0.02612  0.0171007  0.0122275  0.0140841 0.00512153  0.0186006  0.0178453 0.00497533  0.0255256  0.0294138  0.0180361  0.0225132 0.00793586 0.00234375  0.0161874  0.0125847  0.0223774  0.0239539  0.0139876 0.00793586  0.0253859 0.00751092 0.00503362  0.0232668  0.0271976  0.0257114   0.017256  0.0176591  0.0147344 0.00234375  0.0169486  0.0225218  0.0209569  0.0281013 0.00528493 0.00234375  0.0211135  0.0144176   0.013602 0.00234375 0.00234375 0.00234375 0.00234375 0.00508569  0.0299412  0.0135649 0.00730002 
0.00234375 0.00975654  0.0121139  0.0307824    0.03106 0.00977815  0.0169989  0.0106499  0.0244536  0.0211135  0.0162326  0.0134549 0.00782762 0.00513063  0.0311573 0.00234375  0.0076397  0.0201759 0.00824653  0.0171693 0.00703988  0.0134549 0.00698856  0.0178453  0.0233964  0.0203741 0.00234375 0.00757452  0.0167505  0.0275082  0.0149926  0.0217249  0.0279462  0.0252394  0.0239539  0.0110766  0.0191201  0.0279462  0.0281796   0.018483  0.0206514 0.00234375  0.0169486   0.017256  0.0227642 0.00977815  0.0121139  0.0169486  0.0124328  0.0116503  0.0281013 0.00234375 0.00940746  0.0237949  0.0264915   0.013602 0.00504216 0.00234375   0.025596  0.0132412  0.0160534  0.0133827  0.0107596  0.0196907 
0.00234375  0.0171693 0.00967134  0.0149832  0.0253167  0.0147344  0.0169989  0.0106499  0.0170836  0.0264762  0.0134549  0.0106771 0.00508569  0.0274257  0.0311573 0.00521537  0.0102877 0.00234375  0.0200521  0.0245821  0.0164321 0.00512153   0.020923  0.0281796  0.0286595  0.0229498 0.00775776  0.0258822 0.00522511  0.0303043  0.0200521  0.0106499  0.0228257 0.00806766  0.0167505  0.0198095  0.0107319 0.00234375  0.0178453  0.0077235  0.0128053  0.0271976 0.00526471  0.0147707  0.0048963 0.00977815  0.0169989  0.0257114  0.0124328  0.0240591 0.00491951  0.0141085  0.0258895  0.0184321  0.0264915  0.0220457  0.0212326  0.0196907 0.00234375  0.0241386 0.00782762  0.0271814 0.00514903  0.0221688 
0.00528493  0.0146984   0.021884   0.018143 0.00234375  0.0147344    0.01993 0.00234375 0.00971369  0.0130693  0.0078993  0.0301215  0.0297631  0.0246388  0.0138692  0.0167019 0.00234375 0.00234375  0.0200521  0.0270531 0.00234375  0.0217882  0.0116334  0.0152617  0.0128701 0.00234375 0.00775776  0.0128053 0.00810646   0.013528  0.0251116 0.00511248   0.015145  0.0052057 0.00234375  0.0314533 0.00793586  0.0125847 0.00751092   0.018483  0.0284976 0.00731451  0.0198695  0.0122853  0.0048963  0.0122563 0.00234375  0.0257114 0.00991052 0.00544594  0.0152225   0.022932  0.0258895 0.00770653  0.0192472 0.00515832  0.0266295  0.0221688   0.025596 0.00779247 0.00234375  0.0189022  0.0163702 0.00730002 
 0.0170496  0.0122275  0.0243265 0.00234375  0.0138302  0.0271251  0.0169989  0.0189561 0.00234375  0.0291576 0.00234375  0.0106771  0.0160534  0.0274257  0.0138692    0.03106  0.0155836   0.029092 0.00234375  0.0245821  0.0234763 0.00234375 0.00466615  0.0100945 0.00234375  0.0177983  0.0212928  0.0232668  0.0225132 0.00793586  0.0175223  0.0161874 0.00234375  0.0052057  0.0215528  0.0168985  0.0275082  0.0100245   0.025596  0.0292425 0.00495913   0.017256 0.00526471  0.0197414   0.012554  0.0221688  0.0243265  0.0257114  0.0199995  0.0147525  0.0255256  0.0258732  0.0235349  0.0157507  0.0120028  0.0192312  0.0131374  0.0221688  0.0230124 0.00779247  0.0297631  0.0244217  0.0219807  0.0122563 
 0.0141085  0.0245821 0.00234375  0.0055036  0.0281883  0.0196907  0.0140679  0.0106499  0.0244536 0.00770653  0.0217882  0.0217882  0.0133115 0.00234375  0.0196319  0.0167019  0.0102877 0.00531578  0.0171007  0.0122275   0.011736  0.0162326   0.020923  0.0100945   0.026028 0.00234375 0.00234375  0.0128053  0.0196319  0.0191201  0.0251116  0.0134187  0.0100245  0.0137916  0.0215528 0.00525471   0.016324   0.015145  0.0152617   0.018483 0.00234375 0.00234375  0.0111066  0.0122853 0.00744885  0.0172126   0.026769 0.00818567  0.0124328 0.00234375  0.0177983  0.0199908  0.0235349  0.0264762  0.0216619  0.0248603 0.00234375  0.0221688 0.00234375 0.00506811  0.0133115 0.00786323 0.00234375 0.00977815 
 0.0258732  0.0171693 0.00722881  0.0339423  0.0195735   0.024647    0.01993  0.0244936  0.0170836 0.00770653  0.0078993  0.0134549  0.0160534 0.00513063  0.0253946  0.0138302  0.0288235    0.02612 0.00529514  0.0221112  0.0234763 0.00234375  0.0255678  0.0230124 0.00497533  0.0177983 0.00505076 0.00234375  0.0167505 0.00793586 0.00487351  0.0189561  0.0279462  0.0223774 0.00234375  0.0314533  0.0051398  0.0228257   0.025596  0.0157931  0.0128053  0.0271976 0.00526471  0.0222268  0.0227642  0.0271251 0.00478628  0.0198695 0.00738826  0.0333656  0.0229498  0.0141085 0.00469832  0.0157507  0.0120028  0.0248603  0.0212326  0.0221688  0.0204289  0.0186899  0.0105696  0.0189022  0.0303966  0.0196907 
 0.0082261  0.0221112 0.00234375  0.0213029  0.0138302   0.024647 0.00820582 0.00788121  0.0195403  0.0264762  0.0190104  0.0106771  0.0215373  0.0107044  0.0253946  0.0167019 0.00499172 0.00531578 0.00824653  0.0245821  0.0234763  0.0106771   0.020923   0.025596  0.0207648  0.0229498  0.0239998 0.00757452  0.0253946  0.0191201  0.0225818   0.030031  0.0279462  0.0309633  0.0263551  0.0256314  0.0219161  0.0253859  0.0126781  0.0292425 0.00234375   0.017256  0.0169486  0.0247122 0.00744885  0.0172126  0.0145564  0.0257114 0.00234375  0.0178547   0.010071  0.0199908  0.0211803 0.00234375  0.0216619   0.013602  0.0158358  0.0196907  0.0152617  0.0105168  0.0297631  0.0161425  0.0107596  0.0172126 
 0.0317555  0.0270531  0.0145564  0.0149832  0.0167019 0.00234375 0.00527478  0.0217249 0.00725704 0.00502514   0.024566   0.024566  0.0270212  0.0134913  0.0225132 0.00808699  0.0102877  0.0172039  0.0200521  0.0221112  0.0258244 0.00512153  0.0162782  0.0281796 0.00234375  0.0126468  0.0212928  0.0101899  0.0138692 0.00793586  0.0124628  0.0244936  0.0202654  0.0137916 0.00234375  0.0110766 0.00793586  0.0100245  0.0100945  0.0157931 0.00757452 0.00979989 0.00818567  0.0247122  0.0227642  0.0147344  0.0145564  0.0140276  0.0275663 0.00234375 0.00491951 0.00528493 0.00705289 0.00770653  0.0240767  0.0192312  0.0239311   0.024647  0.0100945   0.026863 0.00508569 0.00786323   0.024786  0.0221688 
 0.0258732  0.0245821 0.00478628  0.0149832    0.03106  0.0221688   0.025792 0.00788121 0.00971369  0.0184321  0.0190104  0.0273438 0.00782762  0.0218519  0.0196319  0.0138302  0.0288235 0.00531578  0.0230035  0.0171693  0.0211283  0.0134549 0.00931096  0.0152617  0.0128701  0.0126468  0.0239998  0.0101899 0.00522511  0.0303043  0.0200521 0.00511248  0.0228257  0.0052057 0.00954714  0.0314533   0.016324  0.0125847 0.00492734  0.0292425  0.0128053  0.0222268 0.00526471   0.017256  0.0278693   0.024647   0.026769 0.00818567   0.004866  0.0302635  0.0126468  0.0082261  0.0211803  0.0291576 0.00234375  0.0192312 0.00774058 0.00977815   0.025596  0.0241386  0.0105696   0.010623 0.00234375 0.00730002 
 0.0141085  0.0270531   0.021884 0.00234375 0.00808699  0.0147344  0.0111369  0.0189561  0.0195403  0.0157507  0.0162326  0.0190104 0.00782762  0.0246388  0.0196319  0.0138302  0.0288235  0.0201759 0.00824653 0.00975654  0.0211283 0.00234375   0.020923  0.0152617 0.00497533  0.0255256  0.0239998  0.0180361  0.0253946 0.00793586  0.0251116  0.0272623  0.0100245  0.0281013  0.0119483  0.0198095  0.0275082  0.0253859   0.025596  0.0157931  0.0258822 0.00979989  0.0257114  0.0222268  0.0227642 0.00482188   0.026769  0.0111066 0.00738826  0.0240591  0.0229498  0.0317555  0.0235349  0.0184321  0.0144176 0.00515832  0.0158358  0.0122563  0.0126781 0.00779247  0.0105696  0.0299412  0.0303966 0.00482188 
 0.0141085  0.0245821  0.0169989  0.0307824    0.03106   0.024647 0.00820582  0.0106499  0.0269102 0.00234375 0.00512153 0.00512153  0.0297631 0.00234375   0.028276  0.0224451  0.0208796  0.0231479 0.00234375  0.0270531   0.011736  0.0106771 0.00466615   0.025596 0.00234375 0.00234375  0.0267068  0.0154207  0.0109878  0.0303043 0.00487351  0.0161874  0.0100245  0.0223774  0.0215528  0.0139876  0.0051398  0.0279462  0.0178453 0.00234375  0.0284976 0.00482913  0.0169486  0.0222268 0.00744885  0.0147344   0.026769 0.00818567   0.025044 0.00234375 0.00491951  0.0170496  0.0164712 0.00234375  0.0144176   0.013602  0.0131374 0.00482188 0.00234375  0.0186899  0.0187954  0.0161425  0.0135649  0.0196907 
 0.0141085  0.0146984 0.00234375  0.0244627  0.0167019   0.024647  0.0287231  0.0272623   0.014627  0.0103879 0.00512153  0.0301215 0.00234375  0.0190651  0.0109878    0.03106  0.0076397    0.02612  0.0318576 0.00975654  0.0164321  0.0273438 0.00698856 0.00751092  0.0233964  0.0281013 0.00234375  0.0284976  0.0311573  0.0051398  0.0124628  0.0217249 0.00746423  0.0137916  0.0239539  0.0227205   0.016324 0.00746423 0.00751092  0.0157931  0.0206514  0.0247122  0.0315534  0.0271976   0.012554  0.0172126  0.0145564  0.0198695  0.0199995 0.00544594  0.0177983   0.022932 0.00940746  0.0237949  0.0192472  0.0276749   0.010439  0.0221688  0.0100945  0.0105168  0.0215373   0.010623  0.0191754 0.00234375 
0.00528493  0.0146984  0.0194415  0.0118233  0.0109586  0.0122563 0.00527478  0.0189561  0.0219969  0.0237949  0.0190104  0.0134549  0.0242792 0.00791752  0.0167505  0.0224451  0.0155836 0.00234375  0.0289063  0.0146984 0.00938795  0.0273438  0.0139558  0.0100945 0.00760691  0.0126468  0.0294138  0.0180361  0.0196319  0.0275082 0.00487351 0.00234375  0.0202654  0.0052057  0.0119483  0.0256314  0.0247122 0.00490399  0.0100945   0.018483  0.0258822 0.00482913  0.0198695 0.00234375  0.0151065   0.024647   0.021884  0.0227905   0.014955 0.00234375  0.0255256  0.0258732  0.0141166  0.0291576  0.0144176   0.013602 0.00504216  0.0122563   0.025596  0.0132412  0.0297631 0.00234375 0.00795431  0.0122563 
0.00528493 0.00481468  0.0145564  0.0276226 0.00521537  0.0221688   0.025792  0.0161874 0.00725704  0.0211135  0.0078993  0.0190104  0.0105696 0.00234375  0.0253946  0.0195735  0.0155836   0.029092  0.0230035  0.0245821  0.0164321  0.0162326 0.00466615  0.0230124 0.00234375 0.00234375 0.00505076 0.00495913  0.0167505 0.00793586 0.00993304 0.00234375  0.0279462 0.00234375  0.0143494 0.00816567   0.016324  0.0100245  0.0178453  0.0104134  0.0154207 0.00482913  0.0111066  0.0271976 0.00234375  0.0147344  0.0243265 0.00818567   0.014955  0.0116503  0.0255256  0.0258732 0.00940746  0.0237949  0.0192472  0.0164166  0.0185342  0.0122563  0.0100945  0.0295873  0.0133115 0.00786323  0.0163702  0.0172126 
  0.022932 0.00728561 0.00967134  0.0213029 0.00808699  0.0147344  0.0316541 0.00511248  0.0244536  0.0264762  0.0273438  0.0217882  0.0187954  0.0190651  0.0109878 0.00521537  0.0182316  0.0142319 0.00824653  0.0270531  0.0234763  0.0106771  0.0186006  0.0100945  0.0233964  0.0281013  0.0239998  0.0180361  0.0311573  0.0247122 0.00740327  0.0217249  0.0253859  0.0252394  0.0143494 0.00816567  0.0247122  0.0279462  0.0178453 0.00503362 0.00234375  0.0147707  0.0169486  0.0271976 0.00234375  0.0172126   0.026769 0.00234375 0.00738826  0.0271613 0.00749526   0.022932   0.011762  0.0157507  0.0264915   0.013602  0.0158358 0.00730002  0.0126781   0.026863 0.00508569 0.00510349  0.0275913  0.0221688 
 0.0170496  0.0270531  0.0243265  0.0244627  0.0109586  0.0271251 0.00820582 0.00788121  0.0244536 0.00770653  0.0273438  0.0273438 0.00782762 0.00513063 0.00810646  0.0138302  0.0129356   0.029092 0.00234375  0.0221112  0.0164321  0.0301215  0.0232454  0.0204289  0.0128701  0.0177983 0.00775776  0.0284976  0.0253946  0.0107319  0.0225818 0.00511248  0.0125847  0.0195155 0.00954714  0.0110766 0.00234375 0.00490399 0.00234375  0.0131032  0.0128053 0.00482913 0.00526471  0.0122853  0.0227642 0.00977815  0.0194415 0.00526471   0.025044  0.0178547 0.00749526 0.00528493 0.00940746 0.00770653  0.0071733 0.00234375  0.0158358  0.0196907 0.00492734 0.00506811  0.0242792  0.0244217  0.0135649  0.0221688 
 0.0082261  0.0122275  0.0194415  0.0118233 0.00234375 0.00482188  0.0111369 0.00511248   0.014627  0.0130693  0.0134549  0.0078993  0.0297631  0.0107044  0.0138692 0.00808699  0.0235275  0.0172039 0.00234375 0.00234375  0.0164321  0.0190104  0.0139558  0.0281796  0.0102385  0.0255256  0.0131718  0.0258822 0.00810646  0.0107319  0.0225818  0.0272623 0.00746423  0.0195155  0.0119483  0.0139876 0.00234375 0.00746423  0.0100945  0.0238627  0.0101899  0.0247122 0.00818567  0.0197414  0.0253167 0.00234375  0.0194415 0.00234375   0.025044  0.0302635  0.0177983  0.0199908   0.011762 0.00234375  0.0216619  0.0164166   0.010439  0.0147344  0.0204289  0.0295873  0.0187954  0.0244217  0.0163702 0.00234375

  0.012012 
0.00900901 
  0.012012 
  0.027027 
   0.03003 
  0.021021 
         0 
0.00900901 
         0 
  0.018018 
   0.03003 
  0.003003 
  0.024024 
  0.024024 
0.00900901 
0.00900901 
  0.021021 
  0.003003 
  0.015015 
  0.018018 
  0.003003 
0.00900901 
  0.021021 
   0.03003 
  0.015015 
   0.03003 
0.00900901 
  0.015015 
  0.015015 
  0.024024 
  0.018018 
  0.027027 
  0.021021 
0.00900901 
  0.021021 
         0 
  0.003003 
  0.012012 
  0.012012 
  0.015015 
  0.018018 
  0.018018 
  0.015015 
0.00900901 
   0.03003 
  0.012012 
  0.018018 
0.00900901 
         0 
  0.012012 
  0.024024 
  0.021021 
  0.024024 
  0.027027 
  0.018018 
  0.018018 
  0.024024 
  0.018018 
0.00600601 
  0.012012 
  0.003003 
   0.03003 
  0.018018 
  0.012012 

 0.0156428 
  0.015847 
 0.0149109 
 0.0177622 
 0.0151103 
  0.016467 
 0.0133233 
 0.0146339 
 0.0147296 
 0.0148274 
 0.0162614 
 0.0155885 
 0.0161809 
 0.0159272 
 0.0148364 
 0.0177416 
 0.0158122 
 0.0148911 
   0.01522 
 0.0163764 
 0.0162434 
 0.0157147 
 0.0154612 
 0.0131816 
 0.0183529 
 0.0156203 
 0.0150002 
 0.0168728 
 0.0177331 
 0.0160472 
 0.0157779 
 0.0150919 
 0.0159912 
 0.0154571 
 0.0148752 
 0.0163185 
 0.0139286 
 0.0143982 
 0.0154822 
  0.015734 
  0.015152 
 0.0147705 
 0.0163792 
 0.0143763 
 0.0146262 
 0.0151963 
 0.0144931 
 0.0158261 
 0.0160981 
 0.0140252 
 0.0169859 
 0.0139589 
 0.0172574 
 0.0175583 
 0.0150668 
 0.0164349 
 0.0174737 
 0.0151336 
 0.0172695 
 0.0156818 
 0.0144192 
 0.0170796 
  0.014697 
 0.0146681